0 1.0
1 0.9963114528333172
2 0.9928518411468777
3 0.9895573454798711
4 0.9864289868124589
5 0.9832587572761385
6 0.9801132968520663
7 0.9769868171457149
8 0.974119475033607
9 0.9713766494357117
10 0.968577023230451
11 0.9657640244730443
12 0.9628471409507883
13 0.9597830359308649
14 0.956424459608836
15 0.9531568723271615
16 0.9498003350477892
17 0.9464805307014091
18 0.9431780907719338
19 0.9400877304147115
20 0.9376146043520822
21 0.9348867306275529
22 0.9320449840505853
23 0.9292094488312034
24 0.9258840158380102
25 0.9225408650518346
26 0.9193086930527968
27 0.9161575996733087
28 0.9130622211200848
29 0.9101940374867084
30 0.9070605307887857
31 0.9041662785295468
32 0.9013387942773837
33 0.8987726423416348
34 0.8961287485571943
35 0.89342513321856
36 0.8905603408283347
37 0.8877992400310987
38 0.8852840750663484
39 0.8825250131558059
40 0.8798178993877799
41 0.8771797885528642
42 0.8745553096315168
43 0.8717677122730874
44 0.8690516743935468
45 0.8661611458078923
46 0.863547779934664
47 0.8607981669677662
48 0.8581613770899273
49 0.8558737022285612
50 0.8532986409983071
51 0.8509317045994838
52 0.8481208648342242
53 0.8453885340262548
54 0.8426277291188286
55 0.8398013270298299
56 0.836764166054262
57 0.8337260569527513
58 0.8308922652629626
59 0.8279925909891017
60 0.8247066458151308
61 0.8219161106645332
62 0.8192625993299142
63 0.8166806418720906
64 0.8143059377748563
65 0.8119269221363092
66 0.8093280453575531
67 0.8066153950724108
68 0.8037515204870949
69 0.8009390044807264
70 0.7981927102081747
71 0.7954200047480162
72 0.7928761761576661
73 0.790434881701142
74 0.7884285824349068
75 0.7861817332809194
76 0.7836732673144445
77 0.7813229346250751
78 0.778773812835099
79 0.7761712847838473
80 0.7735155269478108
81 0.7707380175441891
82 0.7682384820114022
83 0.7655955660327425
84 0.7630052491121627
85 0.7602376841054641
86 0.757446601922131
87 0.7548585051689864
88 0.7520256336673103
89 0.7495022354022071
90 0.7466973650439566
91 0.7437182525357059
92 0.7405256199068837
93 0.7373942776523656
94 0.7344434857683908
95 0.7315600779025598
96 0.7285529252764573
97 0.725862552251383
98 0.7231246826704115
99 0.7203869148187901
100 0.7180053844881731
101 0.7151801586898162
102 0.7124017722793945
103 0.7096807008631605
104 0.7070491721576568
105 0.7043540620907838
106 0.7013855423206177
107 0.698624246065433
108 0.6960872813693465
109 0.6939260250378539
110 0.6917387491931756
111 0.6894733681643461
112 0.6872487893271074
113 0.6849770275878605
114 0.6828523209052898
115 0.6806152725949355
116 0.6784921798526283
117 0.6758060432171099
118 0.6734270522034232
119 0.6709448467885664
120 0.6686983606207203
121 0.6664032188142761
122 0.6640500030677353
123 0.661962809267079
124 0.6599654008049408
125 0.6582222616948743
126 0.6562474473131557
127 0.654022195664813
128 0.6519100649974583
129 0.6499485613331798
130 0.6480110763107212
131 0.6461815392684666
132 0.6441261799531188
133 0.6422789589569633
134 0.6402285944652922
135 0.6382711710969883
136 0.6364100230612727
137 0.6344679958415455
138 0.6322289009599202
139 0.6300552513020922
140 0.6278802614494448
141 0.6257376122919164
142 0.6235037835023021
143 0.6212645373683144
144 0.6190143401826085
145 0.6165770410277415
146 0.6141877290404769
147 0.6118647999735229
148 0.6095429105099966
149 0.6072769083045486
150 0.6049858650466867
151 0.6029676846900653
152 0.6012391121406921
153 0.5996936816666005
154 0.5982969758678286
155 0.5967269236037293
156 0.5951946013006156
157 0.5936031124348687
158 0.5920030015152871
159 0.5904420257657017
160 0.5888266486702121
161 0.5873615959397683
162 0.586045080028653
163 0.5849635163397022
164 0.5840368928184245
165 0.5831477981830722
166 0.5822425962154061
167 0.5814419861339398
168 0.5805952245045027
169 0.5798371945234692
170 0.5788836523564952
171 0.5779324293241846
172 0.5767430433538973
173 0.5759744488218616
174 0.575560634777704
175 0.5753325145093946
176 0.5746153063708028
177 0.5741467648743929
178 0.5734991261854351
179 0.5728077104884253
180 0.5721915495785452
181 0.5713809339384086
182 0.5704013122191928
183 0.5696601173288577
184 0.5690145539439773
185 0.5684866134628389
186 0.5679992755734637
187 0.5676668167682073
188 0.5673075861485395
189 0.5671791290636736
190 0.5672272567814326
191 0.5671855043171927
192 0.5669457184279885
193 0.5667767733639005
194 0.5666026206932628
195 0.5666289394885499
196 0.5664858509037826
197 0.5664552364804136
198 0.5666249860142225
199 0.56654700338165
200 0.5665119400418742
201 0.5662103966432257
202 0.5659098912936287
203 0.5653087383549453
204 0.5643645664471513
205 0.5634633861779534
206 0.5625366293905676
207 0.5617199370348932
208 0.5611349257837337
209 0.5604156311341003
210 0.5599283776195492
211 0.5594481947136464
212 0.5590365429063884
213 0.5586140248342201
214 0.5581581981731492
215 0.5575559754224825
216 0.5567310928754711
217 0.555795823647961
218 0.5548229317424835
219 0.553759428962313
220 0.5529910123423354
221 0.5521389298514346
222 0.5511205310230477
223 0.5502400594683219
224 0.54924476914033
225 0.5481392003236144
226 0.5468396704981465
227 0.5452711073672816
228 0.5440492276457063
229 0.5432217063696653
230 0.5425838049160246
231 0.5418803374616565
232 0.5411948255451727
233 0.5406997155875963
234 0.5402688496322162
235 0.539725122101968
236 0.5392498228875826
237 0.538652807532138
238 0.5380447205033038
239 0.5373982904471445
240 0.5365600492690784
241 0.5360171851163225
242 0.5351970561026075
243 0.5344579294911889
244 0.5338883773422738
245 0.5330325367868268
246 0.5319932918773759
247 0.5309666109998556
248 0.5301533242980818
249 0.5294649215855205
250 0.528771427953621
251 0.5281401931070657
252 0.5277152606064087
253 0.527205139722497
254 0.5268369995729565
255 0.526508024921469
256 0.5262970012653573
257 0.5260348188335587
258 0.5256326944519375
259 0.5250330710983959
260 0.5243634890766419
261 0.5236648776730394
262 0.5227902111187303
263 0.5219958160226874
264 0.5215634145229394
265 0.5210353538058178
266 0.5204643177597776
267 0.5201042738199863
268 0.5196945789820923
269 0.5191408602211298
270 0.518426657701963
271 0.5175050153276636
272 0.5168450237954345
273 0.5160559658366847
274 0.515362556233239
275 0.5145115905110088
276 0.5135963170780325
277 0.5127074912411993
278 0.5118970383742156
279 0.5114407308708405
280 0.5109623200666014
281 0.5104444230083657
282 0.5094603553057502
283 0.5082880252862438
284 0.5071845032586402
285 0.5062472275653959
286 0.50491479922169
287 0.5037715263396911
288 0.5024042652088886
289 0.5012476119816806
290 0.4999642633802903
291 0.4984216356585641
292 0.4965733597069213
293 0.49467711421323857
294 0.49270078743322626
295 0.49088222964287703
296 0.48909933903826763
297 0.4872958487094113
298 0.4854160458443129
299 0.4838130277110127
300 0.4821314527149649
301 0.4803668517199302
302 0.4785935878309471
303 0.47675321510977803
304 0.47474438546015973
305 0.47296819986382205
306 0.4709272516729198
307 0.4690957085342143
308 0.46726426711296504
309 0.4651962800830853
310 0.46325530211789834
311 0.461149339881717
312 0.45915323745880054
313 0.45699388756153453
314 0.45476866130734267
315 0.4522412685095248
316 0.4496322905416188
317 0.4466153400470734
318 0.4438117143482841
319 0.44097360517913115
320 0.43829354139351784
321 0.43539595423396554
322 0.4326345425453984
323 0.42989977982883604
324 0.42706063677108463
325 0.42436942481884354
326 0.42145376414668856
327 0.4186904424964739
328 0.41607805303946016
329 0.4132541297614965
330 0.410675516905004
331 0.408089496344041
332 0.40569630045085486
333 0.4036741871509632
334 0.4015176786007898
335 0.3990919075431391
336 0.3967192253349501
337 0.3941383215006739
338 0.39163050748366657
339 0.38906731956158447
340 0.3863532087032216
341 0.38364421038140933
342 0.38089535062007335
343 0.3784589098137562
344 0.37577580132302785
345 0.37324544641376906
346 0.3709405973146381
347 0.3686909344614276
348 0.36650397217135045
349 0.3642404395288709
350 0.3618123455321089
351 0.3594906721353516
352 0.35711305642397245
353 0.35496290719716467
354 0.3531417759331638
355 0.3511431246446179
356 0.34910822148035336
357 0.34698943893943435
358 0.34478613899938515
359 0.34255635123059924
360 0.3406296341175953
361 0.3386485861288241
362 0.33680042842423874
363 0.3349191500677159
364 0.33303043373368657
365 0.3310578488012333
366 0.3291684457399544
367 0.32716235535658994
368 0.3252400392855222
369 0.3237780036481686
370 0.3221936207870429
371 0.32071221044923875
372 0.31920353549495356
373 0.3175751883306964
374 0.3160485213626447
375 0.3144864054241508
376 0.3129852934631305
377 0.3115963089136224
378 0.3102755503819887
379 0.3089936522559224
380 0.30767839066536057
381 0.30644708007361726
382 0.3051053730833514
383 0.30378798399713275
384 0.30217637756454435
385 0.30052340257459326
386 0.29887517462782875
387 0.29715692332940935
388 0.29541572757692847
389 0.29379288939031734
390 0.29213900718891406
391 0.290388699562921
392 0.2889147334713379
393 0.2868791364243945
394 0.2848588994350544
395 0.282965933433562
396 0.28085329373708207
397 0.2787117551826129
398 0.27657204237170546
399 0.2745470828561613
400 0.2724904069476218
401 0.2703991237606173
402 0.26809062415915136
403 0.2658687544487832
404 0.26357400225927513
405 0.26133251302657684
406 0.2589420757338918
407 0.25674553899214825
408 0.25452105785988616
409 0.2524479284506269
410 0.25052851178554986
411 0.248699895620422
412 0.24732647105154634
413 0.24586485789531592
414 0.24432136575845706
415 0.24275030398431535
416 0.2412059486878879
417 0.2396629181483891
418 0.23813571177550452
419 0.23644535914817005
420 0.23481586494307422
421 0.23350748806493268
422 0.23245502545176663
423 0.23140307791018289
424 0.2304063475025355
425 0.22961365212477544
426 0.2286083049201441
427 0.22786028745134065
428 0.22724134944447663
429 0.22651043856903721
430 0.2259283705745787
431 0.22524555687394907
432 0.22473484579647082
433 0.2244214051088479
434 0.22418490233663152
435 0.22377256437310303
436 0.22363157990801677
437 0.2233938722546847
438 0.22299836730544667
439 0.2224903374230007
440 0.22169801347162346
441 0.22102029477328483
442 0.22013855832051707
443 0.21919275920678824
444 0.21839578061704554
445 0.21773864615186242
446 0.21709377860057372
447 0.2165261908503566
448 0.21589148438754593
449 0.215241223996801
450 0.21456710816612293
451 0.2142037921698961
452 0.2136906452995309
453 0.21300356183666436
454 0.2125215679086535
455 0.21198638917845883
456 0.2114799182087199
457 0.21076475681488935
458 0.21004686171862533
459 0.20914318115387778
460 0.20816163595184273
461 0.2071335597095268
462 0.20627101699602093
463 0.20538970124703934
464 0.2046382288926698
465 0.20416221916932273
466 0.20400719994815733
467 0.20392795837711672
468 0.2037146218972342
469 0.2036072389294253
470 0.20349572923497852
471 0.20329357438127746
472 0.20306251414719068
473 0.20274839919128942
474 0.20283757463001625
475 0.20313721627432024
476 0.20352551980846814
477 0.20386424125517202
478 0.2043380985414865
479 0.20489092452613752
480 0.20560604732775778
481 0.20625641492705082
482 0.2067513594842206
483 0.2071156978664795
484 0.20721453846602403
485 0.2074209003206183
486 0.20750867397534392
487 0.20785929003916015
488 0.20812664361325825
489 0.20863820186365148
490 0.20937130134798376
491 0.20987893754850637
492 0.21041465348692365
493 0.2108541302876123
494 0.21091738763631207
495 0.21092437447869336
496 0.21079171350411913
497 0.2107397911107182
498 0.21064483826745542
499 0.210703779810244
500 0.2109846333510727
501 0.21148193813609115
502 0.21180918566660473
503 0.21222075872421756
504 0.2126575070056392
505 0.21324072555690082
506 0.21356303895396925
507 0.21385523013541147
508 0.2142593979436201
509 0.21463109514323164
510 0.21498873989689227
511 0.21524382307905737
512 0.21566592932648235
513 0.21623527200627066
514 0.21673217427762154
515 0.21714668475907017
516 0.217673149524089
517 0.2183151227496228
518 0.2187683643664348
519 0.2189823409886814
520 0.21917695076602764
521 0.2194270452431745
522 0.21964605241226137
523 0.21981319370401042
524 0.219909785132098
525 0.21998185395307368
526 0.21998809489876509
527 0.21996374201064156
528 0.22002514009200233
529 0.21985568606631048
530 0.2197084562095449
531 0.2196532609809581
532 0.219367910504747
533 0.21915026876111982
534 0.2188573250524539
535 0.2182480768323082
536 0.2178069323121584
537 0.21746135131598124
538 0.21709494589674397
539 0.21668807351466254
540 0.21621628629909584
541 0.21575618987535367
542 0.21527414509169507
543 0.21488131265163668
544 0.21464913014277526
545 0.21433841692783975
546 0.214288277949383
547 0.21418269464639972
548 0.21423206701641656
549 0.21435642380409065
550 0.21431498276293298
551 0.2144120739648751
552 0.21436222510993208
553 0.21442899321898307
554 0.2144896512937118
555 0.21469059827739675
556 0.2149384312058696
557 0.21527486031074047
558 0.2155595433356285
559 0.21583987917875017
560 0.21629587195379985
561 0.21667647178014837
562 0.2167938633656537
563 0.21680558613677212
564 0.2170294467810122
565 0.21754305716085592
566 0.2183304340239946
567 0.2190155203123272
568 0.2194763753596455
569 0.21977388077045323
570 0.22022826814572055
571 0.2206473480759421
572 0.22091262002699721
573 0.22091315592879684
574 0.2208186117512723
575 0.2205883421328135
576 0.2201463687844377
577 0.21986559958718976
578 0.21949957055940356
579 0.21903633362224106
580 0.2185700706277187
581 0.21820397630567331
582 0.21775757458809042
583 0.21718554786010646
584 0.21662095916526067
585 0.21595219579520553
586 0.21517510900998907
587 0.2145679206393674
588 0.2139725113475482
589 0.21338887716249472
590 0.21290251155500312
591 0.21252801944538335
592 0.2121982644432341
593 0.21159219407584381
594 0.2108542701681117
595 0.21029640350912834
596 0.2094347721200556
597 0.2083960375320056
598 0.20729666469868946
599 0.2062858744638387
600 0.2051219495919834
601 0.20398357257129532
602 0.20290297280174732
603 0.20193820192537007
604 0.2010911672226609
605 0.2003006035625451
606 0.1994081040974349
607 0.19852329236857189
608 0.19767926450579168
609 0.19660550890580047
610 0.19555763381149846
611 0.19454046765477281
612 0.19374433659629367
613 0.19278402970631953
614 0.1918095653555922
615 0.1909653297662191
616 0.19024820145900145
617 0.18967375059977853
618 0.18898065361058372
619 0.18821063532948662
620 0.1876144203537799
621 0.18711540297995802
622 0.1865694336614148
623 0.1860601528218936
624 0.18544444977088376
625 0.18470341722965275
626 0.18412518559366223
627 0.18346883501107586
628 0.182769270838708
629 0.18190622124747027
630 0.18123787949143702
631 0.180548174107644
632 0.17994558786486237
633 0.17931420323952219
634 0.17864028831162507
635 0.1779027883474843
636 0.17732943610031138
637 0.17688081876698672
638 0.17650043665343185
639 0.17606004855373886
640 0.17566469212789343
641 0.1752163151543178
642 0.1749197017154694
643 0.17484415012838134
644 0.1747156845608336
645 0.17442256558706457
646 0.17409313618086278
647 0.1738095458338793
648 0.1736213759369958
649 0.17347881698028064
650 0.17345982017471342
651 0.17322312563114003
652 0.17265405146763355
653 0.1722725951657993
654 0.17171560792615875
655 0.17118305065049041
656 0.1705395509772103
657 0.16975787117257848
658 0.1687548013038341
659 0.16762314077914206
660 0.16634925747273407
661 0.16503859108604774
662 0.1638387294625535
663 0.16239012815598727
664 0.160812813706117
665 0.15911900048680325
666 0.1575241609840395
667 0.1558255391110082
668 0.15433465035514674
669 0.152884893899031
670 0.15156582790681733
671 0.150359975580477
672 0.14899398781876877
673 0.1476130289341508
674 0.14621962623639959
675 0.1445986965058329
676 0.14295160605953586
677 0.1413307011430266
678 0.1396574765973884
679 0.1377598781732345
680 0.1358915930302526
681 0.13406017383850746
682 0.1324412325714532
683 0.13070096398746547
684 0.12910345546970345
685 0.12757455233133283
686 0.12630682949952593
687 0.12484780088071137
688 0.12347435808587302
689 0.12201437177861568
690 0.12077755777990246
691 0.11990521915285804
692 0.11898897155721079
693 0.11798866478164824
694 0.11690749198941165
695 0.11594175250220566
696 0.11489468302817522
697 0.11383813363456434
698 0.11262141672778694
699 0.11150428700313063
700 0.11047816656088182
701 0.10948186316270686
702 0.1084201882225548
703 0.10746070178904037
704 0.1064805135244891
705 0.10541850589353838
706 0.10458427603788886
707 0.10363983529113348
708 0.10288157399689463
709 0.10187616761778978
710 0.10061037866933077
711 0.0993782287228162
712 0.09819807507751985
713 0.09692679278692252
714 0.09578478553858374
715 0.09481530171941922
716 0.09352324953281207
717 0.09248598797973237
718 0.0913587589036674
719 0.09034848458163755
720 0.08953765858626687
721 0.08861170428731267
722 0.08773101859121613
723 0.08688571515274991
724 0.08631392583857539
725 0.08572945940549227
726 0.08529770186600885
727 0.08474549584780136
728 0.0842143091582814
729 0.08356687962948345
730 0.08281398163155221
731 0.08191684185151896
732 0.0810002451026471
733 0.07998594565652871
734 0.07881562245251433
735 0.07781583563323612
736 0.07684680712397134
737 0.07612385480971486
738 0.07516554143484905
739 0.07404894272798447
740 0.07294418475914312
741 0.07198100285353559
742 0.07120766594144594
743 0.07047011700287928
744 0.06965391892415278
745 0.06877697896364093
746 0.0681447056060594
747 0.0675530695049351
748 0.06705607361372949
749 0.0665768034305913
750 0.06612606631847232
751 0.06545118156505841
752 0.06489830472745019
753 0.06414622311292019
754 0.06332231682095696
755 0.06257676008737124
756 0.06176931125289009
757 0.061177477374489385
758 0.060870360366217714
759 0.060533014104570654
760 0.06012952818837903
761 0.059816412881642016
762 0.059433394223603934
763 0.05914254391696631
764 0.058776418263848475
765 0.05846444391947563
766 0.05830755540779871
767 0.058001277446460046
768 0.057621681977537254
769 0.057366847948505134
770 0.05711386037487231
771 0.05675701570430754
772 0.056399879642599904
773 0.056098088491147134
774 0.05580181747665791
775 0.05542762774027725
776 0.054842838235742916
777 0.05422625682455327
778 0.053696890010929095
779 0.0533060063593162
780 0.05288676423620856
781 0.05261404186629314
782 0.05256607525396404
783 0.05233184540237042
784 0.05198290615385588
785 0.051724965050909226
786 0.05158144061772263
787 0.05154185154093393
788 0.051292040251185736
789 0.051152361156966544
790 0.051177908061795244
791 0.05125738526557697
792 0.051438418780483476
793 0.05131721991169619
794 0.051228765114022724
795 0.05119976758145832
796 0.051016439404956204
797 0.05076432801737116
798 0.050370315422337546
799 0.04989743624200517
800 0.04942650615977881
801 0.04914884001736941
802 0.04899795318256325
803 0.048858375481039704
804 0.04863309362768271
805 0.04842735177207761
806 0.048212352904829295
807 0.048012209971850656
808 0.04764812919251338
809 0.04732272683206517
810 0.04691627672177302
811 0.04665586318238539
812 0.04630188208902536
813 0.04586600813126274
814 0.0454394352648865
815 0.04530823694133078
816 0.04507130719748187
817 0.045049394553873946
818 0.04501351690745139
819 0.04476388024378474
820 0.04438307966497212
821 0.04405132114259357
822 0.04371491234625574
823 0.043422915851213786
824 0.04332877725245654
825 0.04322922366606015
826 0.0430351944119019
827 0.04276103590347116
828 0.04247018679208105
829 0.042384761972252404
830 0.04247448157623342
831 0.042528933839316545
832 0.04259454382606046
833 0.042660405612283896
834 0.04277240562066798
835 0.04271190136697214
836 0.042641948390940786
837 0.042701283651322454
838 0.042807368887971806
839 0.04273188717339524
840 0.04284093540707495
841 0.04296328197950229
842 0.04290845790530407
843 0.04285331569321839
844 0.042798491462280625
845 0.042685958340255827
846 0.04278070104551463
847 0.04295031523541786
848 0.04299972615260106
849 0.04309857525626402
850 0.043067817298350485
851 0.04318427156938427
852 0.04332876773534577
853 0.04340127618202545
854 0.04337586741134342
855 0.04342745515921462
856 0.04354722523801978
857 0.04349629177951536
858 0.04322641181004208
859 0.04318562169052043
860 0.04305382529181133
861 0.04317434948189877
862 0.04307751215714653
863 0.043127514937702144
864 0.04334201407856913
865 0.04335644464670179
866 0.04346758869095665
867 0.04358710045300674
868 0.043672191001796666
869 0.043653544094530795
870 0.043672590588964735
871 0.04372685751213265
872 0.044012067983737115
873 0.04420779006345631
874 0.04447596987124615
875 0.044445923477725496
876 0.044554238410812734
877 0.044546233078062665
878 0.044282174262118286
879 0.044143651689397025
880 0.04399919393877119
881 0.04388303411799183
882 0.04358636603970235
883 0.04321625746657192
884 0.04294597902845722
885 0.04266947308554439
886 0.04245875995980892
887 0.04208069307726807
888 0.041832918712366225
889 0.04172739932926358
890 0.04146883664196719
891 0.041202808036647484
892 0.0409823382143722
893 0.0408615879607273
894 0.040589671120650324
895 0.04026922397702631
896 0.039688703534087696
897 0.03901308684907898
898 0.0383290302813391
899 0.03774896742753284
900 0.03727489578357112
901 0.03682823472643373
902 0.03639140929877875
903 0.03611845680439765
904 0.035859150269482123
905 0.035661063977292955
906 0.03543939879378952
907 0.035205546637900306
908 0.03485776246256174
909 0.034327523818444075
910 0.0337149807447646
911 0.033100518595892664
912 0.03264678714386748
913 0.032279512243494166
914 0.031848169607566
915 0.03152035368451558
916 0.031009217335933353
917 0.030614487090221718
918 0.0300582683665406
919 0.029458488214955468
920 0.028811112692651946
921 0.028226659993112337
922 0.027809193640641498
923 0.027455619115608208
924 0.026857104279517218
925 0.02640297223028255
926 0.026142427218265762
927 0.025907276798771427
928 0.025559770600846934
929 0.02536395663304532
930 0.02521288470211206
931 0.02511900126240683
932 0.02499285343361933
933 0.02475459210521214
934 0.024488027464525865
935 0.024306432048842717
936 0.02406666903562842
937 0.023731262633913994
938 0.023554273614837036
939 0.023329694601485877
940 0.023122290141197332
941 0.022879186476733083
942 0.022634751783502407
943 0.022357794207473202
944 0.02212075272065081
945 0.02191222948549651
946 0.02175433871684228
947 0.02152245918274908
948 0.021377264123389864
949 0.021118546520834548
950 0.02088956683995179
951 0.020666105269874488
952 0.02040064318046932
953 0.02005290549663216
954 0.019696479929478868
955 0.019330543195336232
956 0.019141481863018384
957 0.01888592807036181
958 0.018730803499998828
959 0.018571512520466984
960 0.01849990799232039
961 0.018598911259829733
962 0.018462522960926424
963 0.01837858025255482
964 0.018198833348457854
965 0.017944146288267238
966 0.017685014620270546
967 0.0175430907748927
968 0.01729123486391777
969 0.016980225593232305
970 0.016762846230826578
971 0.01647598008718266
972 0.016175424673360552
973 0.015882331875095915
974 0.015384553357119178
975 0.014891275908248094
976 0.014348770566165065
977 0.013803133833580271
978 0.013210745767620248
979 0.012499298073754956
980 0.011968715765942065
981 0.011545491523529983
982 0.011244726819191319
983 0.010869209102741233
984 0.010632619215014237
985 0.010216556481334486
986 0.00977958082186078
987 0.00940842993152005
988 0.009153882753391135
989 0.0088873341180171
990 0.008766044305403358
991 0.008503102050356853
992 0.008237323302196065
993 0.008033550222019301
994 0.007817225653586914
995 0.0075129236540026215
996 0.00727220899462911
997 0.007155548921878864
998 0.0070547707504867805
999 0.006921650498488691
1000 0.006797467829705368
1001 0.0065181752348582025
1002 0.00629591345706903
1003 0.00597587972936328
1004 0.005814986321504617
1005 0.005857623526508238
1006 0.00577721341336555
1007 0.005812402886733169
1008 0.005642330949742978
1009 0.005551213598194705
1010 0.0054135086495992624
1011 0.005359000898980509
1012 0.005225924330884481
1013 0.005231249900173976
1014 0.00515337173763471
1015 0.005027637158218847
1016 0.004966852668445194
1017 0.0049338398926324165
1018 0.004851047321963615
1019 0.004737622421690853
1020 0.004676424125625492
1021 0.004610223267845812
1022 0.00463749617442592
1023 0.004587189829202443
1024 0.004518914775977593
1025 0.004371658985586343
1026 0.004393441121389946
1027 0.004358420229563834
1028 0.004184441476727958
1029 0.00409543518748486
1030 0.003916897967885512
1031 0.0039083277832985056
1032 0.0038553963952024485
1033 0.0039038690622504434
1034 0.003911505650547636
1035 0.003973617037273588
1036 0.003946790104609558
1037 0.0038890357599215956
1038 0.003776719003737192
1039 0.0037576904768974015
1040 0.0036963835672686298
1041 0.0035769464457887927
1042 0.003506183662908162
1043 0.0033479383741319715
1044 0.003139548055242269
1045 0.0030357780588066686
1046 0.0028333752748188807
1047 0.002854908460921349
1048 0.0028528119294831274
1049 0.002803014706161455
1050 0.002636852737078738
1051 0.002451926246185607
1052 0.0022741190062270083
1053 0.001951468372479402
1054 0.0017939074932732328
1055 0.001652002442407826
1056 0.0014725517768368723
1057 0.0012946633917036074
1058 0.0010448721769414498
1059 0.0007091139175076777
1060 0.0003974929778544473
1061 6.416896439434093e-05
1062 -0.00020262175521092862
1063 -0.0004492283761152139
1064 -0.0006447265376820422
1065 -0.0010231248723798513
1066 -0.0012884723850889671
1067 -0.0015649595902488993
1068 -0.0017395151657961787
1069 -0.0020161255433322855
1070 -0.0022609767233960324
1071 -0.0025091003151187746
1072 -0.0026888354074241067
1073 -0.0028806238798571083
1074 -0.003004143317915955
1075 -0.0029442189691287852
1076 -0.002945723335518683
1077 -0.0029974108533191933
1078 -0.0030818242884786224
1079 -0.0031486430373348197
1080 -0.003184825074128457
1081 -0.003245953224993662
1082 -0.0031816548061437415
1083 -0.0031405256898773023
1084 -0.003033353052568578
1085 -0.002942550513443069
1086 -0.0027513877554382073
1087 -0.002677935368005758
1088 -0.002520482502656318
1089 -0.002305608818754259
1090 -0.00208055170057407
1091 -0.0018000928938887893
1092 -0.0015509177354999183
1093 -0.0014276477982474796
1094 -0.001438863814786666
1095 -0.0014043951521434102
1096 -0.0013690373326907513
1097 -0.0013238183523066782
1098 -0.0011927046566505874
1099 -0.0011934446644112136
1100 -0.0011853205849640905
1101 -0.0012500289867369361
1102 -0.001214634138477438
1103 -0.0011182836027583106
1104 -0.0009961023711131088
1105 -0.0008991247452855743
1106 -0.000643448920823813
1107 -0.0005168326570653523
1108 -0.0004385911634891943
1109 -0.0004178979759527256
1110 -0.0004941142868700323
1111 -0.0005693953625885392
1112 -0.0006246372131193633
1113 -0.0006060959299094641
1114 -0.0006234817425400358
1115 -0.0005098559539798564
1116 -0.0004776297949403503
1117 -0.0004873504444218138
1118 -0.0005168682451007456
1119 -0.0006544287897072267
1120 -0.0008539491420071697
1121 -0.00103685584395651
1122 -0.0012421531120007608
1123 -0.0014252947643622078
1124 -0.0015691022665680911
1125 -0.0015756194329932874
1126 -0.0015820118617297534
1127 -0.0015671825910614514
1128 -0.0015164657240469127
1129 -0.0012822786363133462
1130 -0.0011855245861718225
1131 -0.001008001986012713
1132 -0.0009799832559057409
1133 -0.0010209408223863375
1134 -0.001148180973941011
1135 -0.0011864424751802027
1136 -0.0012240447954074121
1137 -0.0011863901064665138
1138 -0.0010524640626163031
1139 -0.0009470409801702028
1140 -0.0007871051616421349
1141 -0.0006839362244864787
1142 -0.0005360246650758143
1143 -0.0004347105694928788
1144 -0.00027439482419534843
1145 -0.00011925007235716336
1146 -1.3918906373242854e-05
1147 2.8047838966880378e-05
1148 1.6638138605021157e-05
1149 9.820339617686724e-05
1150 0.00021195356433752923
1151 0.00040794740352787597
1152 0.0006185803167150296
1153 0.000775451920568933
1154 0.0009147892436839586
1155 0.0010291044516648712
1156 0.001134186248847285
1157 0.0012330387705779577
1158 0.0014247969625099134
1159 0.0015192258020319887
1160 0.0015433488362959142
1161 0.0016033422952467897
1162 0.001593340846779059
1163 0.0016381402826938626
1164 0.001702987359390878
1165 0.001826388623468221
1166 0.0020462235730739457
1167 0.002216161888818744
1168 0.002360337518326388
1169 0.002398740232177659
1170 0.0023811773307626815
1171 0.0023821894252728697
1172 0.002316131414588054
1173 0.002371214684098587
1174 0.0023534586444117636
1175 0.002439480444560254
1176 0.0024759389465697844
1177 0.002474059192434977
1178 0.0024958967712518216
1179 0.0025444918362645926
1180 0.002614382345163869
1181 0.0026198202374326115
1182 0.002596864041270682
1183 0.002453491152054116
1184 0.002360947885383886
1185 0.002193053839894238
1186 0.0020899946044528506
1187 0.002064254643974694
1188 0.002039590142615874
1189 0.0019910140429147826
1190 0.001944892500844888
1191 0.001881353952891536
1192 0.0017375292675703231
1193 0.0016249344993433676
1194 0.0014954789114384756
1195 0.0013741992950534237
1196 0.0012856505129278102
1197 0.001177610540929613
1198 0.001100305344753428
1199 0.0010094995327568897
1200 0.0010275124622266452
1201 0.0009673858881793387
1202 0.0009383150357011834
1203 0.000815058610248271
1204 0.0007879191450883436
1205 0.0007348034212169036
1206 0.000669392894052537
1207 0.0006102367137244596
1208 0.000581056018154007
1209 0.0005732814987077962
1210 0.0006154720213429977
1211 0.0006390713979780315
1212 0.0006054019955913102
1213 0.0006714518676228543
1214 0.0006547373658747663
1215 0.0006494517303678223
1216 0.0006237334423866762
1217 0.0006198312362979593
1218 0.0006307593813042499
1219 0.0007065174559093421
1220 0.0007789439545363777
1221 0.0008411515053141773
1222 0.0009135609694073372
1223 0.0009689489852075072
1224 0.0010427535771650933
1225 0.0010781587073132597
1226 0.0010770418244309997
1227 0.0010340682430796837
1228 0.0010599541642673245
1229 0.0010900541131571699
1230 0.0011204539906350852
1231 0.0011643235881037418
1232 0.0012071122374445202
1233 0.0012541277916914733
1234 0.0012709294775997996
1235 0.001254945802892756
1236 0.0012256162286188722
1237 0.0012074677925161567
1238 0.0010888521386657405
1239 0.000981403758913533
1240 0.000894583452524671
1241 0.0008570531505612534
1242 0.0008582142587305755
1243 0.0008543279979834184
1244 0.00083360015460396
1245 0.0008098189815304339
1246 0.0008063520570475763
1247 0.0007813929829760792
1248 0.0007521052737832795
1249 0.0006940557806295058
1250 0.0006748419193421444
1251 0.0006374914597801689
1252 0.0005954086168669982
1253 0.0005280043514618091
1254 0.00045837137093327954
1255 0.000442996431144238
1256 0.0004009027978501426
1257 0.0003625115305856193
1258 0.00026568820850712816
1259 0.00020182856509693626
1260 0.00012398268196527846
1261 7.613768425035204e-05
1262 -3.0287749598614258e-06
1263 -5.679984336947173e-05
1264 -0.00013006490230792116
1265 -0.00017467444340069893
1266 -0.00018296700059060555
1267 -0.000244893056080151
1268 -0.0002596186045698181
1269 -0.00028550670665894917
1270 -0.00025919830799372805
1271 -0.00026506759444982705
1272 -0.00024367515594809106
1273 -0.0002263431291962546
1274 -0.00019609070171388982
1275 -0.0001316268429696823
1276 -0.00012775730232263496
1277 -8.367544383659942e-05
1278 -8.53448044632116e-05
1279 -8.347651192951738e-05
1280 -0.00010932154110573516
1281 -0.0001058385010895939
1282 -0.00012466111850878775
1283 -0.00013077344647031714
1284 -0.0001187105150373204
1285 -0.0001352879976071361
1286 -0.00013561392187443416
1287 -0.00013739279796776678
1288 -0.00013459197368871135
1289 -0.0001223734087373734
1290 -9.658941972107717e-05
1291 -9.51941957820777e-05
1292 -6.360245915478698e-05
1293 -5.552135715352184e-05
1294 -4.8132043631367636e-05
1295 -2.9430056647807773e-05
1296 -1.9016688751324632e-05
1297 -1.7161726195809264e-05
1298 -5.832788880031123e-06
