2.1 0.995285606789
2.1006 0.995252862921
2.1012 0.995219758036
2.1018 0.995186281078
2.1024 0.995152421317
2.103 0.995118168355
2.1036 0.995083512125
2.1042 0.995048442892
2.1048 0.995012951265
2.1054 0.994977028187
2.106 0.994940664952
2.1066 0.994903853194
2.1072 0.994866584903
2.1078 0.994828852418
2.1084 0.994790648435
2.109 0.994751966009
2.1096 0.994712798554
2.1102 0.994673139853
2.1108 0.994632984054
2.1114 0.994592325675
2.112 0.994551159609
2.1126 0.994509481124
2.1132 0.994467285868
2.1138 0.994424569872
2.1144 0.994381329551
2.115 0.994337561709
2.1156 0.994293263542
2.1162 0.994248432637
2.1168 0.994203066982
2.1174 0.994157164963
2.118 0.994110725369
2.1186 0.994063747394
2.1192 0.994016230643
2.1198 0.993968175133
2.1204 0.993919581292
2.121 0.993870449964
2.1216 0.993820782366
2.1222 0.993770580034
2.1228 0.993719844763
2.1234 0.993668578545
2.124 0.99361678351
2.1246 0.993564461864
2.1252 0.99351161583
2.1258 0.993458247588
2.1264 0.993404359216
2.127 0.993349952624
2.1276 0.993295029501
2.1282 0.993239591251
2.1288 0.993183638933
2.1294 0.993127173199
2.13 0.993070194239
2.1306 0.993012701714
2.1312 0.992954694701
2.1318 0.992896171632
2.1324 0.992837130228
2.133 0.992777567449
2.1336 0.992717479423
2.1342 0.992656861393
2.1348 0.992595707655
2.1354 0.992534011496
2.136 0.992471765134
2.1366 0.99240895966
2.1372 0.992345584976
2.1378 0.992281629735
2.1384 0.99221708128
2.139 0.992151925585
2.1396 0.992086147194
2.1402 0.992019729161
2.1408 0.991952652996
2.1414 0.991884898672
2.142 0.991816444726
2.1426 0.991747268364
2.1432 0.991677345581
2.1438 0.991606651271
2.1444 0.991535159341
2.145 0.991462842822
2.1456 0.991389673986
2.1462 0.991315624454
2.1468 0.991240665314
2.1474 0.991164767232
2.148 0.991087900564
2.1486 0.99101003547
2.1492 0.990931142029
2.1498 0.990851190347
2.1504 0.990770150678
2.151 0.990687993528
2.1516 0.990604689776
2.1522 0.990520210781
2.1528 0.9904345285
2.1534 0.990347615598
2.154 0.990259445561
2.1546 0.990169992811
2.1552 0.990079232818
2.1558 0.989987142214
2.1564 0.989893698902
2.157 0.989798882178
2.1576 0.989702672832
2.1582 0.989605053273
2.1588 0.989506007634
2.1594 0.989405521888
2.16 0.989303583961
2.1606 0.989200183841
2.1612 0.989095313627
2.1618 0.988988967401
2.1624 0.988881141042
2.163 0.988771832033
2.1636 0.988661039273
2.1642 0.988548762881
2.1648 0.988435004008
2.1654 0.988319764647
2.166 0.988203047437
2.1666 0.988084855476
2.1672 0.987965192126
2.1678 0.987844060825
2.1684 0.987721464895
2.169 0.98759740735
2.1696 0.987471890703
2.1702 0.987344916779
2.1708 0.987216486519
2.1714 0.987086599792
2.172 0.986955255203
2.1726 0.986822449901
2.1732 0.986688179388
2.1738 0.986552437328
2.1744 0.986415215354
2.175 0.98627650288
2.1756 0.986136286907
2.1762 0.985994551833
2.1768 0.985851279261
2.1774 0.985706447806
2.178 0.98556003291
2.1786 0.985412006642
2.1792 0.985262337514
2.1798 0.985110990286
2.1804 0.984957925774
2.181 0.984803100716
2.1816 0.984646467884
2.1822 0.984487976391
2.1828 0.984327572012
2.1834 0.984165197511
2.184 0.984000792958
2.1846 0.983834296056
2.1852 0.983665642463
2.1858 0.983494766114
2.1864 0.983321599544
2.187 0.983146074213
2.1876 0.982968120825
2.1882 0.982787669653
2.1888 0.982604650863
2.1894 0.982418994834
2.19 0.982230632483
2.1906 0.982039495588
2.1912 0.98184551711
2.1918 0.981648631513
2.1924 0.981448775094
2.193 0.981245886298
2.1936 0.981039906047
2.1942 0.980830778059
2.1948 0.980618449171
2.1954 0.980402869666
2.196 0.98018399359
2.1966 0.979961779077
2.1972 0.979736188677
2.1978 0.979507189668
2.1984 0.97927475439
2.199 0.979038860561
2.1996 0.978799491602
2.2002 0.978556636959
2.2008 0.978310292392
2.2014 0.978060459904
2.202 0.977807147167
2.2026 0.977550366869
2.2032 0.977290136038
2.2038 0.977026475382
2.2044 0.97675940862
2.205 0.97648896182
2.2056 0.976215162726
2.2062 0.975938040102
2.2068 0.975657623058
2.2074 0.975373940385
2.208 0.975087019895
2.2086 0.974796887749
2.2092 0.974503567793
2.2098 0.974207080893
2.2104 0.973907444268
2.211 0.973604670825
2.2116 0.973298768493
2.2122 0.972989739556
2.2128 0.972677579988
2.2134 0.972362278788
2.214 0.972043817311
2.2146 0.971722168608
2.2152 0.971397296753
2.2158 0.971069156181
2.2164 0.970737691024
2.217 0.970402834439
2.2176 0.97006450795
2.2182 0.969722620774
2.2188 0.969377069163
2.2194 0.96902773573
2.22 0.968674488791
2.2206 0.968317181712
2.2212 0.96795565275
2.2218 0.967589726116
2.2224 0.967219213535
2.223 0.966843915808
2.2236 0.96646362439
2.2242 0.966078122957
2.2248 0.965687188978
2.2254 0.965290595285
2.226 0.964888111647
2.2266 0.964479506336
2.2272 0.964064547704
2.2278 0.963643005747
2.2284 0.963214653681
2.229 0.962779269513
2.2296 0.962336637606
2.2302 0.961886550258
2.2308 0.961428809268
2.2314 0.960963227508
2.232 0.960489630492
2.2326 0.960007857951
2.2332 0.959517765401
2.2338 0.959019225714
2.2344 0.95851213069
2.235 0.957996392628
2.2356 0.957471945896
2.2362 0.9569387485
2.2368 0.95639678366
2.2374 0.955846061376
2.238 0.955286620004
2.2386 0.954718527819
2.2392 0.954141884594
2.2398 0.953556823168
2.2404 0.952963511005
2.241 0.952362150994
2.2416 0.951752978422
2.2422 0.951136255162
2.2428 0.950512263579
2.2434 0.949881300442
2.244 0.949243670834
2.2446 0.948599682064
2.2452 0.947949637576
2.2458 0.947293830864
2.2464 0.946632539376
2.247 0.945966018431
2.2476 0.945294495125
2.2482 0.944618162246
2.2488 0.943937172182
2.2494 0.943251630833
2.25 0.94256159152
2.2506 0.941867048995
2.2512 0.941167935987
2.2518 0.940464126185
2.2524 0.939755439759
2.253 0.939041648982
2.2536 0.938322483848
2.2542 0.93759763769
2.2548 0.936866772802
2.2554 0.936129526055
2.256 0.935385514519
2.2566 0.93463434108
2.2572 0.933875600062
2.2578 0.933108882844
2.2584 0.932333783479
2.259 0.931549904316
2.2596 0.930756861615
2.2602 0.929954291172
2.2608 0.929141853702
2.2614 0.928319237826
2.262 0.927486159783
2.2626 0.926642362486
2.2632 0.925787614564
2.2638 0.92492170941
2.2644 0.924044464229
2.265 0.923155719079
2.2656 0.922255335922
2.2662 0.921343197667
2.2668 0.920419207215
2.2674 0.91948328651
2.268 0.918535375579
2.2686 0.917575431581
2.2692 0.916603427853
2.2698 0.915619352954
2.2704 0.914623209715
2.271 0.913615014279
2.2716 0.912594795153
2.2722 0.91156259225
2.2728 0.910518455935
2.2734 0.909462446075
2.274 0.908394631078
2.2746 0.907315086947
2.2752 0.90622389632
2.2758 0.905121147516
2.2764 0.904006933586
2.277 0.902881351354
2.2776 0.901744500466
2.2782 0.900596482432
2.2788 0.899437399676
2.2794 0.898267354583
2.28 0.897086448537
2.2806 0.895894780985
2.2812 0.894692448656
2.2818 0.893479545246
2.2824 0.892256161266
2.283 0.89102238391
2.2836 0.889778296908
2.2842 0.888523980393
2.2848 0.887259510758
2.2854 0.885984960521
2.286 0.884700398181
2.2866 0.883405888082
2.2872 0.882101490274
2.2878 0.88078726037
2.2884 0.879463249415
2.289 0.878129503736
2.2896 0.876786064813
2.2902 0.875432969134
2.2908 0.874070248056
2.2914 0.87269792767
2.292 0.871316028658
2.2926 0.869924566153
2.2932 0.868523549605
2.2938 0.867112982637
2.2944 0.865692862909
2.295 0.864263181976
2.2956 0.862823925151
2.2962 0.861375071365
2.2968 0.85991659303
2.2974 0.858448455896
2.298 0.856970618914
2.2986 0.855483034098
2.2992 0.853985646384
2.2998 0.852478393492
2.3004 0.850961205787
2.301 0.849434006234
2.3016 0.847896710803
2.3022 0.846349229215
2.3028 0.844791465712
2.3034 0.843223319836
2.304 0.841644687197
2.3046 0.840055460251
2.3052 0.838455529072
2.3058 0.836844782127
2.3064 0.835223107052
2.307 0.833590391421
2.3076 0.831946523525
2.3082 0.83029139314
2.3088 0.82862489231
2.3094 0.826946916112
2.31 0.825257363435
2.3106 0.823556137751
2.3112 0.821843147895
2.3118 0.820118308829
2.3124 0.818381542426
2.313 0.816632778238
2.3136 0.814871954271
2.3142 0.813099017761
2.3148 0.811313925944
2.3154 0.809516646836
2.316 0.807707160002
2.3166 0.805885457331
2.3172 0.80405154381
2.3178 0.8022054383
2.3184 0.800347174308
2.319 0.798476800761
2.3196 0.79659438278
2.3202 0.794700002456
2.3208 0.79279375956
2.3214 0.790875771618
2.322 0.788946173111
2.3226 0.787005114512
2.3232 0.7850527613
2.3238 0.783089292996
2.3244 0.781114902186
2.325 0.779129793545
2.3256 0.777134182866
2.3262 0.775128296084
2.3268 0.773112368307
2.3274 0.771086642833
2.328 0.769051370187
2.3286 0.767006807138
2.3292 0.764953215731
2.3298 0.762890862312
2.3304 0.760820016551
2.331 0.758740950473
2.3316 0.756653937481
2.3322 0.754559251382
2.3328 0.752457165414
2.3334 0.750347951276
2.334 0.748231878146
2.3346 0.746109211713
2.3352 0.743980213204
2.3358 0.741845138405
2.3364 0.739704236693
2.337 0.737557750057
2.3376 0.735405912128
2.3382 0.733248947203
2.3388 0.731087069273
2.3394 0.728920481048
2.34 0.726749372981
2.3406 0.724573922313
2.3412 0.722394292475
2.3418 0.720210633411
2.3424 0.718023082274
2.343 0.71583176413
2.3436 0.713636792658
2.3442 0.711438270861
2.3448 0.709236291766
2.3454 0.707030939131
2.346 0.704822288148
2.3466 0.702610406151
2.3472 0.700395353316
2.3478 0.698177183369
2.3484 0.695955944288
2.349 0.693731679013
2.3496 0.691504426144
2.3502 0.689274220648
2.3508 0.687041094568
2.3514 0.68480507772
2.352 0.682566198404
2.3526 0.680324484106
2.3532 0.678079962203
2.3538 0.675832660667
2.3544 0.67358260877
2.355 0.671329837791
2.3556 0.669074381716
2.3562 0.666816277948
2.3568 0.664555568008
2.3574 0.662292298239
2.358 0.660026520514
2.3586 0.65775829294
2.3592 0.655487680559
2.3598 0.653214756058
2.3604 0.650939600467
2.361 0.648662303727
2.3616 0.646382964566
2.3622 0.644101689872
2.3628 0.641818594011
2.3634 0.639533798158
2.364 0.637247429615
2.3646 0.634959621134
2.3652 0.632670510243
2.3658 0.630380238569
2.3664 0.628088951158
2.367 0.625796795802
2.3676 0.62350392236
2.3682 0.621210482083
2.3688 0.618916626934
2.3694 0.616622508915
2.37 0.614328279388
2.3706 0.612034088399
2.3712 0.609740084001
2.3718 0.607446411577
2.3724 0.605153213164
2.373 0.602860626775
2.3736 0.600568785723
2.3742 0.598277817945
2.3748 0.595987845324
2.3754 0.593698983012
2.376 0.591411338754
2.3766 0.589125012212
2.3772 0.586840094286
2.3778 0.58455666644
2.3784 0.582274800022
2.379 0.579994555591
2.3796 0.577715982237
2.3802 0.575439116905
2.3808 0.573163983794
2.3814 0.57089059453
2.382 0.568618949396
2.3826 0.566349038774
2.3832 0.564080844594
2.3838 0.561814341773
2.3844 0.559549499667
2.385 0.557286283512
2.3856 0.555024655871
2.3862 0.552764578079
2.3868 0.55050601169
2.3874 0.548248919917
2.388 0.545993269086
2.3886 0.543739030072
2.3892 0.541486179753
2.3898 0.539234702448
2.3904 0.536984591366
2.391 0.534735850053
2.3916 0.532488493834
2.3922 0.530242551258
2.3928 0.527998065548
2.3934 0.525755096041
2.394 0.523513719637
2.3946 0.521274032242
2.3952 0.519036150216
2.3958 0.516800211815
2.3964 0.514566378639
2.397 0.512334837076
2.3976 0.510105799749
2.3982 0.507879506957
2.3988 0.505656228129
2.3994 0.503436263258
